[BG.png]
filters=finetune2=1,0.000000,0.000000,0.480000,00000000,0.000000;
moddate=0000a4eddad60000
width=750
height=1500
textactive=0
